# energy
-3.932670000000000243e+01
-3.914230000000000587e+01
-3.895780000000000598e+01
-3.877340000000000231e+01
-3.858890000000000242e+01
-3.840440000000000254e+01
-3.822000000000000597e+01
-3.803550000000000608e+01
-3.785110000000000241e+01
-3.766660000000000252e+01
-3.748210000000000264e+01
-3.729770000000000607e+01
-3.711320000000000618e+01
-3.692880000000000251e+01
-3.674430000000000263e+01
-3.655980000000000274e+01
-3.637540000000000617e+01
-3.619090000000000629e+01
-3.600650000000000261e+01
-3.582200000000000273e+01
-3.563750000000000284e+01
-3.545310000000000628e+01
-3.526860000000000639e+01
-3.508420000000000272e+01
-3.489970000000000283e+01
-3.471520000000000294e+01
-3.453080000000000638e+01
-3.434630000000000649e+01
-3.416190000000000282e+01
-3.397740000000000293e+01
-3.379290000000000305e+01
-3.360850000000000648e+01
-3.342400000000000659e+01
-3.323960000000000292e+01
-3.305510000000000304e+01
-3.287060000000000315e+01
-3.268620000000000658e+01
-3.250169999999999959e+01
-3.231730000000000302e+01
-3.213280000000000314e+01
-3.194829999999999970e+01
-3.176389999999999603e+01
-3.157939999999999614e+01
-3.139499999999999957e+01
-3.121049999999999969e+01
-3.102599999999999980e+01
-3.084159999999999613e+01
-3.065709999999999624e+01
-3.047269999999999968e+01
-3.028819999999999979e+01
-3.010369999999999990e+01
-2.991929999999999623e+01
-2.973479999999999634e+01
-2.955039999999999978e+01
-2.936589999999999989e+01
-2.918140000000000001e+01
-2.899699999999999633e+01
-2.881249999999999645e+01
-2.862809999999999988e+01
-2.844359999999999999e+01
-2.825910000000000011e+01
-2.807469999999999644e+01
-2.789019999999999655e+01
-2.770579999999999998e+01
-2.752130000000000010e+01
-2.733680000000000021e+01
-2.715239999999999654e+01
-2.696789999999999665e+01
-2.678350000000000009e+01
-2.659900000000000020e+01
-2.641450000000000031e+01
-2.623010000000000019e+01
-2.604560000000000031e+01
-2.586120000000000019e+01
-2.567670000000000030e+01
-2.549220000000000041e+01
-2.530780000000000030e+01
-2.512330000000000041e+01
-2.493890000000000029e+01
-2.475440000000000040e+01
-2.456990000000000052e+01
-2.438550000000000040e+01
-2.420100000000000051e+01
-2.401660000000000039e+01
-2.383210000000000051e+01
-2.364760000000000062e+01
-2.346320000000000050e+01
-2.327870000000000061e+01
-2.309430000000000049e+01
-2.290980000000000061e+01
-2.272530000000000072e+01
-2.254090000000000060e+01
-2.235640000000000072e+01
-2.217200000000000060e+01
-2.198750000000000071e+01
-2.180300000000000082e+01
-2.161860000000000070e+01
-2.143410000000000082e+01
-2.124970000000000070e+01
-2.106520000000000081e+01
-2.088070000000000093e+01
-2.069630000000000081e+01
-2.051180000000000092e+01
-2.032740000000000080e+01
-2.014290000000000092e+01
-1.995840000000000103e+01
-1.977400000000000091e+01
-1.958950000000000102e+01
-1.940510000000000090e+01
-1.922060000000000102e+01
-1.903610000000000113e+01
-1.885170000000000101e+01
-1.866720000000000113e+01
-1.848280000000000101e+01
-1.829830000000000112e+01
-1.811380000000000123e+01
-1.792940000000000111e+01
-1.774490000000000123e+01
-1.756050000000000111e+01
-1.737600000000000122e+01
-1.719149999999999778e+01
-1.700710000000000122e+01
-1.682259999999999778e+01
-1.663820000000000121e+01
-1.645369999999999777e+01
-1.626919999999999789e+01
-1.608479999999999777e+01
-1.590029999999999788e+01
-1.571589999999999776e+01
-1.553139999999999787e+01
-1.534689999999999799e+01
-1.516249999999999787e+01
-1.497799999999999798e+01
-1.479359999999999786e+01
-1.460909999999999798e+01
-1.442459999999999809e+01
-1.424019999999999797e+01
-1.405569999999999808e+01
-1.387129999999999797e+01
-1.368679999999999808e+01
-1.350229999999999819e+01
-1.331789999999999807e+01
-1.313339999999999819e+01
-1.294899999999999807e+01
-1.276449999999999818e+01
-1.257999999999999829e+01
-1.239559999999999818e+01
-1.221109999999999829e+01
-1.202669999999999817e+01
-1.184219999999999828e+01
-1.165769999999999840e+01
-1.147329999999999828e+01
-1.128879999999999839e+01
-1.110439999999999827e+01
-1.091989999999999839e+01
-1.073539999999999850e+01
-1.055100000000000193e+01
-1.036650000000000205e+01
-1.018210000000000193e+01
-9.997600000000002041e+00
-9.813100000000002154e+00
-9.628700000000002035e+00
-9.444200000000002149e+00
-9.259800000000002029e+00
-9.075300000000002143e+00
-8.890799999999998704e+00
-8.706400000000002137e+00
-8.521899999999998698e+00
-8.337500000000002132e+00
-8.152999999999998693e+00
-7.968499999999999694e+00
-7.784099999999999575e+00
-7.599599999999999689e+00
-7.415199999999999569e+00
-7.230699999999999683e+00
-7.046199999999999797e+00
-6.861799999999999677e+00
-6.677299999999999791e+00
-6.492899999999999672e+00
-6.308399999999999785e+00
-6.123899999999999899e+00
-5.939499999999999780e+00
-5.754999999999999893e+00
-5.570599999999999774e+00
-5.386099999999999888e+00
-5.201699999999999768e+00
-5.017199999999999882e+00
-4.832699999999999996e+00
-4.648299999999999876e+00
-4.463799999999999990e+00
-4.279399999999999871e+00
-4.094899999999999984e+00
-3.910400000000000098e+00
-3.725999999999999979e+00
-3.541500000000000092e+00
-3.357099999999999973e+00
-3.172600000000000087e+00
-2.988100000000000200e+00
-2.803700000000000081e+00
-2.619200000000000195e+00
-2.434800000000000075e+00
-2.250300000000000189e+00
-2.065800000000000303e+00
-1.881400000000000183e+00
-1.696900000000000297e+00
-1.512500000000000178e+00
-1.328000000000000291e+00
-1.143500000000000405e+00
-9.591000000000002856e-01
-7.746000000000003993e-01
-5.902000000000002800e-01
-4.057000000000003936e-01
-2.212000000000005073e-01
-3.680000000000038796e-02
1.476999999999994984e-01
3.320999999999996177e-01
5.165999999999995040e-01
7.010999999999993904e-01
8.854999999999995097e-01
1.069999999999999396e+00
1.254399999999999515e+00
1.438899999999999402e+00
1.623399999999999732e+00
1.807799999999999407e+00
1.992299999999999738e+00
2.176699999999999413e+00
2.361199999999999743e+00
2.545699999999999630e+00
2.730099999999999749e+00
2.914599999999999635e+00
3.098999999999999755e+00
3.283499999999999641e+00
3.467999999999999527e+00
3.652399999999999647e+00
3.836899999999999533e+00
4.021300000000000097e+00
4.205799999999999983e+00
4.390299999999999869e+00
4.574699999999999989e+00
4.759199999999999875e+00
4.943599999999999994e+00
5.128099999999999881e+00
5.312599999999999767e+00
5.496999999999999886e+00
5.681499999999999773e+00
5.865899999999999892e+00
6.050399999999999778e+00
6.234899999999999665e+00
6.419299999999999784e+00
6.603799999999999670e+00
6.788199999999999790e+00
6.972699999999999676e+00
7.157199999999999562e+00
7.341599999999999682e+00
7.526099999999999568e+00
7.710499999999999687e+00
7.894999999999999574e+00
8.079499999999999460e+00
8.263899999999999579e+00
8.448399999999999466e+00
8.632799999999999585e+00
8.817299999999999471e+00
9.001799999999999358e+00
9.186199999999999477e+00
9.370699999999999363e+00
9.555099999999999483e+00
9.739599999999999369e+00
9.924099999999999255e+00
1.010849999999999937e+01
1.029299999999999926e+01
1.047739999999999938e+01
1.066189999999999927e+01
1.084639999999999915e+01
1.103079999999999927e+01
1.121529999999999916e+01
1.139969999999999928e+01
1.158419999999999916e+01
1.176869999999999905e+01
1.195309999999999917e+01
1.213759999999999906e+01
1.232199999999999918e+01
1.250649999999999906e+01
1.269099999999999895e+01
1.287539999999999907e+01
1.305989999999999895e+01
1.324429999999999907e+01
1.342879999999999896e+01
1.361329999999999885e+01
1.379769999999999897e+01
1.398219999999999885e+01
1.416659999999999897e+01
1.435109999999999886e+01
1.453559999999999874e+01
1.471999999999999886e+01
1.490449999999999875e+01
1.508889999999999887e+01
1.527339999999999876e+01
1.545789999999999864e+01
1.564229999999999876e+01
1.582679999999999865e+01
1.601119999999999877e+01
